<coordinates>


49.350253,-123.268960|
49.351315,-123.266815|
49.351147,-123.265871|
49.350546,-123.262502|
49.351479,-123.259157|
49.352750,-123.257912|
49.353743,-123.257933|
49.353631,-123.257719|
49.351996,-123.256067|
49.351660,-123.256582|
49.350486,-123.257268|
49.349927,-123.258169|
49.349536,-123.258513|
49.346852,-123.256217|
49.347970,-123.253964|
49.348277,-123.252934|
49.348110,-123.250616|
49.348669,-123.250230|
49.349284,-123.250230|
49.349508,-123.250359|
49.350402,-123.250573|
49.350794,-123.250058|
49.351185,-123.248556|
49.350206,-123.244737|
49.349200,-123.244437|
49.348529,-123.243664|
49.348473,-123.245037|
49.347439,-123.245939|
49.346181,-123.244737|
49.345118,-123.244608|
49.343944,-123.244823|
49.342937,-123.246024|
49.342742,-123.247011|
49.342015,-123.248428|
49.341120,-123.249372|
49.340305,-123.255600|
49.340920,-123.258218|
49.340165,-123.260793|
49.340724,-123.263154|
49.337593,-123.263583|
49.333090,-123.261652|
49.330713,-123.261394|
49.329930,-123.264484|
49.330461,-123.265771|
49.331217,-123.267145|
49.333062,-123.267617|
49.333398,-123.268475|
49.334656,-123.267617|
49.335439,-123.268475|
49.337089,-123.270020|
49.339774,-123.268733|
49.340081,-123.269720|
49.344199,-123.267617|
49.346967,-123.269462|
49.346519,-123.270664|
49.347610,-123.272638|
49.348365,-123.271865|
49.348616,-123.269591|
49.350098,-123.269296|
49.350210,-123.268995


</coordinates>